3 1
3 2.5
3 4

3 5
3 6.5
3 8

3 9
2 10
4 10
3 10.5
2 12
4 12

3 13
2 14
4 14
3 14.5
2 16
4 16 #10.24


3 17
2 18
4 18
3 18.5
3 19.5
2 20
4 20

3 21
2 22
4 22
3 22.5
3 23.5
2 24
4 24

3 25
2 26
4 26
3 26.5
3 27.5
2 28
4 28

3 29
2 30
4 30
3 30.5
4 31.5
2 32
4 32.5 #19.29


1 33
2 33
3 33
4 33
3 35

1 37.0
3 37.0
2 38.0
4 38.0
3 38.5
4 39.5
2 40.0
4 40.5

1 41.0
2 42.0
3 43.0
4 44.0

1 45.0
2 45.5
3 46.0
4 46.5
1 47.0
2 47.5
3 48.0
4 48.5 #27.95


1 49.0
2 49.0
3 49.0
4 49.0
1 50.0
3 51.0
2 51.5
4 52.0

1 53.0
2 53.5
3 54.0
4 54.5
1 55.0
2 55.5
3 56.0
4 56.5

1 57.0
3 58.0
2 59.0
4 60.0

1 61.0
3 61.0
1 61.5
3 61.5
2 62.0
4 62.0
2 62.5
4 62.5
1 63.0
3 63.0
1 63.5
3 63.5
2 64.0
4 64.0
2 64.5
4 64.5 #36.54


1 65.0
3 65.0
2 66.0
4 66.0
1 67.0
3 67.0
2 68.0
4 68.0

1 69.0
3 69.0
2 70.0
4 70.0
1 71.0
3 71.0
2 72.0
4 72.0

1 73.0
2 73
3 73.5
4 73.5
1 74.0
2 74.0
3 74.5
4 74.5
1 75
2 75
3 75.5
4 75.5
1 76
2 76
3 76.5
4 76.5

1 77.0
2 77.0
3 77.0
4 77.0
4 78.0
3 78.25
2 78.5
1 78.75
1 79.0
2 79.0
3 79.0
4 79.0 #45.42

1 81.0
3 81.0
1 81.5
3 81.5
2 82.0
4 82.0
2 82.5
4 82.5
1 83.0
3 83.0
1 83.5
3 83.5
2 84.0
4 84.0
2 84.5
4 84.5

2 85.0
3 85.5
1 86.0
4 86.5
2 87.0
3 87.5
1 88.0
4 88.5

1 89
2 89
3 89
4 89
4 90
3 90.25
2 90.5
1 90.75
1 91
2 91
3 91
4 91
2 92
4 92.5

3 93
4 93.5
2 94
4 94.5
3 95
4 95.5
1 96
4 96 #54.14

1 97
2 97
3 97
4 97
2 98
3 98
1 99
4 99
2 100
3 100

4 101
3 101.5
2 102
1 102.5
1 103
2 103.5
3 104
4 104.5

2 105
4 105
1 106
3 106
2 107
4 107
2 108
3 108.5

1 109
4 110
3 111
2 112 #1:02.89


1 113
2 113
3 113
4 113
2 114
3 114.25
4 114.5
1 115.5
4 115.5
1 116
4 116

2 117
4 117.5
3 118
4 118.5
2 119
4 119.25
3 119.5
4 119.75
2 120
4 120

2 121
3 121
2 121.5
3 121.5
1 122
4 122
1 122.5
4 122.5
2 123
3 123
2 123.5
3 123.5
1 124
4 124
1 124.5
4 124.5

3 125
4 125.25
1 125.5
2 125.75
3 126
4 126.25
1 126.5
2 126.75
3 127
4 128 #1:11.64

1 129
2 129
3 129
4 129
2 130
4 130.25
2 130.5
4 130.75
1 131
3 131.25
1 131.5
3 131.75
2 132
3 132
1 132.5
4 132.5

3 133
4 133
3 133.25
4 133.25
1 133.5
2 133.5
1 133.75
2 133.75
1 134
2 134
4 134
1 135.25
3 135.25
4 135.25

1 137
2 137
3 137
4 137
3 138.25
4 138.25
1 138.5
4 138.5
3 138.75
4 138.75
2 139
4 139
3 139.25
4 139.25
1 139.5
4 139.5
3 139.75
4 139.75
2 140
4 140
4 140.5

1 142
2 142
4 142
3 143
4 143
4 144
3 144.25
2 144.5
1 144.75

1 145
2 145
3 145
4 145