3 1.81
3 2.6256250000000003
3 3.44125
3 3.985
3 4.800625
3 5.616249999999999
3 6.16
2 6.70375
4 6.70375
3 6.975625
2 7.79125
4 7.79125
3 8.335
2 8.87875
4 8.87875
3 9.150625
2 9.96625
4 9.96625
3 10.51
2 11.056875
4 11.056875
3 11.330312500000002
3 11.8771875
2 12.150625
4 12.150625
3 12.697500000000002
2 13.244375000000002
4 13.244375000000002
3 13.517812500000002
3 14.064687500000002
2 14.338125000000002
4 14.338125000000002
3 14.885000000000002
2 15.431875
4 15.431875
3 15.705312500000002
3 16.2521875
2 16.525625
4 16.525625
3 17.0725
2 17.619375
4 17.619375
3 17.8928125
4 18.4396875
2 18.713125
4 18.9865625
1 19.26
2 19.26
3 19.26
4 19.26
3 20.348750000000003
1 21.4375
3 21.4375
2 21.981875000000002
4 21.981875000000002
3 22.2540625
4 22.798437500000002
2 23.070625
4 23.3428125
1 23.615000000000002
2 24.159375
3 24.70375
4 25.248124999999998
1 25.7925
2 26.0646875
3 26.336875
4 26.6090625
1 26.881249999999998
2 27.1534375
3 27.425624999999997
4 27.697812499999998
1 27.97
2 27.97
3 27.97
4 27.97
1 28.515624999999996
3 29.06125
2 29.334062499999998
4 29.606875000000002
1 30.1525
2 30.425312499999997
3 30.698124999999997
4 30.9709375
1 31.24375
2 31.5165625
3 31.789375
4 32.0621875
1 32.335
3 32.880625
2 33.426249999999996
4 33.971875000000004
1 34.5175
3 34.5175
1 34.790312500000006
3 34.790312500000006
2 35.063125
4 35.063125
2 35.3359375
4 35.3359375
1 35.60875
3 35.60875
1 35.88156250000001
3 35.88156250000001
2 36.154375
4 36.154375
2 36.4271875
4 36.4271875
1 36.7
3 36.7
2 37.246875
4 37.246875
1 37.79375
3 37.79375
2 38.340625
4 38.340625
1 38.8875
3 38.8875
2 39.434375
4 39.434375
1 39.98125
3 39.98125
2 40.528125
4 40.528125
1 41.075
2 41.075
3 41.3484375
4 41.3484375
1 41.621875
2 41.621875
3 41.8953125
4 41.8953125
1 42.16875
2 42.16875
3 42.4421875
4 42.4421875
1 42.715625
2 42.715625
3 42.9890625
4 42.9890625
1 43.2625
2 43.2625
3 43.2625
4 43.2625
4 43.809375
3 43.94609375
2 44.0828125
1 44.21953125
1 44.35625
2 44.35625
3 44.35625
4 44.35625
1 45.45
3 45.45
1 45.721875000000004
3 45.721875000000004
2 45.99375
4 45.99375
2 46.26562500000001
4 46.26562500000001
1 46.5375
3 46.5375
1 46.809375
3 46.809375
2 47.08125
4 47.08125
2 47.353125
4 47.353125
2 47.62500000000001
3 47.896875
1 48.16875
4 48.440625
2 48.7125
3 48.984375
1 49.25625
4 49.528125
1 49.8
2 49.8
3 49.8
4 49.8
4 50.34375
3 50.4796875
2 50.615624999999994
1 50.7515625
1 50.8875
2 50.8875
3 50.8875
4 50.8875
2 51.43125
4 51.703125
3 51.974999999999994
4 52.246875
2 52.51875
4 52.790625
3 53.0625
4 53.334374999999994
1 53.60625
4 53.60625
1 54.15
2 54.15
3 54.15
4 54.15
2 54.696875
3 54.696875
1 55.24375
4 55.24375
2 55.79062499999999
3 55.79062499999999
4 56.3375
3 56.610937500000006
2 56.884375
1 57.15781249999999
1 57.43125
2 57.70468749999999
3 57.978125
4 58.2515625
2 58.525
4 58.525
1 59.071875000000006
3 59.071875000000006
2 59.61875
4 59.61875
2 60.165625
3 60.4390625
1 60.7125
4 61.25937499999999
3 61.80625
2 62.353125
1 62.9
2 62.9
3 62.9
4 62.9
2 63.44625
3 63.582812499999996
4 63.719375
1 64.265625
4 64.265625
1 64.53875
4 64.53875
2 65.085
4 65.358125
3 65.63125
4 65.90437499999999
2 66.17750000000001
4 66.3140625
3 66.450625
4 66.5871875
2 66.72375
4 66.72375
2 67.27
3 67.27
2 67.543125
3 67.543125
1 67.81625
4 67.81625
1 68.089375
4 68.089375
2 68.3625
3 68.3625
2 68.635625
3 68.635625
1 68.90875
4 68.90875
1 69.181875
4 69.181875
3 69.455
4 69.59156250000001
1 69.728125
2 69.8646875
3 70.00125
4 70.1378125
1 70.27437499999999
2 70.4109375
3 70.5475
4 71.09375
1 71.64
2 71.64
3 71.64
4 71.64
2 72.18666666666667
4 72.32333333333334
2 72.46000000000001
4 72.59666666666666
1 72.73333333333333
3 72.87
1 73.00666666666666
3 73.14333333333335
2 73.28
3 73.28
1 73.55333333333334
4 73.55333333333334
3 73.82666666666667
4 73.82666666666667
3 73.96333333333334
4 73.96333333333334
1 74.1
2 74.1
1 74.23666666666668
2 74.23666666666668
1 74.37333333333333
2 74.37333333333333
4 74.37333333333333
1 75.05666666666667
3 75.05666666666667
4 75.05666666666667
1 76.01333333333334
2 76.01333333333334
3 76.01333333333334
4 76.01333333333334
3 76.69666666666666
4 76.69666666666666
1 76.83333333333333
4 76.83333333333333
3 76.97
4 76.97
2 77.10666666666667
4 77.10666666666667
3 77.24333333333334
4 77.24333333333334
1 77.38
4 77.38
3 77.51666666666667
4 77.51666666666667
2 77.65333333333334
4 77.65333333333334
4 77.92666666666668
1 78.745
2 78.745
4 78.745
3 79.28999999999999
4 79.28999999999999
4 79.835
3 79.97125
2 80.1075
1 80.24374999999999
1 80.38
2 80.38
3 80.38
4 80.38
